200
83092
23123
159201
668324
334004
231437
352602
68804
163363
371391
14273
56575
749906
511759
506626
751896
278859
587763
26358
83577
150484
877747
507156
475948
23605
575454
16194
623359
113430
884323
645883
221024
361447
20202
630847
408876
206049
71792
799588
749304
909133
651558
894842
736414
544567
491728
318506
228391
987000
488992
51118
953398
951718
329868
331975
640579
82119
831363
274596
525379
507916
431466
343840
564232
816430
677414
593155
294571
430311
816179
840796
585300
464216
690903
201993
201055
63728
212481
495905
326029
201037
479897
441286
908657
491377
70682
789554
206506
110757
376529
269580
824641
643866
104852
141933
540660
8490
712616
874732
711606
688114
301185
856647
601227
859435
180058
819183
971110
551742
649374
730604
404671
498872
314605
610480
352671
426979
88717
45481
628680
423791
991775
83000
295046
491832
518468
334858
10226
758178
818666
219468
406254
603703
763463
150922
392511
720893
43648
965957
668831
382919
111512
897092
46232
762220
320223
848038
58609
807452
788522
321728
741976
975152
501517
641423
281402
538704
271936
379350
591035
817825
331128
433964
803426
844165
394775
783404
244164
476873
297258
993624
555821
358829
193777
992224
920226
827604
388451
105037
664838
386625
321379
990419
638575
188688
549897
506820
917078
37966
118797
827055
716674
528228
220402
642676
294279
580382
334976
631261
486327
